[191, 155, 29, 115, 4, 13, 61, 44, 157, 177, 188, 191, 85, 134, 191, 163, 14]
[191, 155, 29, 115, 4, 13, 61, 44, 157, 177, 77, 191, 139, 134, 191, 38, 134, 183, 165, 177, 25, 75]
[168, 191, 9, 29, 134, 183, 155, 16]
[168, 191, 9, 29, 134, 183, 185, 16]
[168, 191, 9, 29, 134, 86, 43, 16]
[168, 191, 9, 29, 134, 183, 142, 16]
[168, 191, 21, 144, 134, 183, 46, 191, 93, 7, 4, 182, 191, 149, 96, 88, 164]
[168, 191, 76, 134, 25, 172, 32, 86, 108, 69, 191, 193, 98, 86, 105]
[168, 191, 76, 134, 25, 172, 32, 86, 108, 69, 191, 193, 98, 183, 12]
[168, 191, 21, 117, 134, 183, 46, 191, 93, 7, 4, 182, 191, 149, 37, 88, 50]
[168, 191, 21, 153, 134, 183, 46, 191, 93, 7, 4, 182, 191, 149, 37, 88, 50]
[168, 191, 7, 64, 189, 191, 70, 134, 161, 110, 133, 177, 125, 110, 173]
[168, 191, 106, 118, 134, 183, 155, 16]
[168, 191, 48, 116, 177, 30, 78, 155, 29, 115, 4, 95, 61, 148, 59, 177, 191, 170, 156, 4, 59, 177, 183, 99, 91]
[168, 191, 72, 111, 170, 169, 191, 130, 134, 191, 66, 111, 104]
[168, 191, 72, 111, 170, 169, 191, 130, 134, 191, 66, 111, 104]
[168, 191, 162, 144, 134, 86, 128]
[168, 191, 120, 144, 134, 183, 155, 16]
[168, 191, 170, 73, 17, 138, 32, 86, 108, 69, 191, 193, 98, 86, 105]
[168, 191, 170, 73, 17, 138, 32, 86, 108, 69, 191, 193, 98, 183, 12]
[168, 65, 82, 141, 154, 177, 191, 145, 134, 183, 155, 16]
[168, 40]
[168, 191, 112, 116, 177, 147, 78, 155, 29, 115, 4, 8, 61, 148, 59, 177, 191, 170, 156, 4, 59, 177, 183, 99, 91]
[168, 191, 112, 116, 177, 147, 78, 43, 29, 115, 4, 8, 61, 148, 59, 177, 191, 24, 179]
[168, 191, 112, 116, 177, 147, 78, 142, 29, 115, 4, 8, 61, 148, 59, 177, 191, 24, 179]
[168, 191, 112, 116, 177, 147, 78, 142, 29, 115, 4, 8, 61, 148, 59, 177, 191, 24, 179]
[168, 191, 140, 80, 134, 191, 43, 11]
[168, 191, 140, 80, 134, 191, 142, 156, 43, 11]
[168, 191, 140, 80, 134, 191, 142, 11]
[168, 191, 89, 18, 126, 134, 191, 194, 94, 115, 186, 168, 191, 166, 167, 134, 191, 72, 42, 28, 184, 169, 191, 62, 170, 156, 51, 19, 101, 177, 191, 123, 63]
[168, 191, 89, 18, 126, 134, 191, 194, 94, 115, 186, 168, 191, 166, 167, 134, 191, 72, 42, 28, 184, 169, 191, 62, 170, 156, 51, 19, 101, 177, 191, 123, 79]
[168, 191, 160, 39, 158, 182, 191, 150, 134, 183, 63]
[168, 191, 160, 39, 158, 182, 191, 150, 134, 183, 79]
[168, 143, 54, 67, 190, 148, 187]
[121, 191, 35, 135, 36, 42, 28, 124, 137, 17, 191, 22, 175, 56]
[168, 191, 170, 151, 17, 138, 32, 86, 108, 69, 191, 193, 98, 86, 105]
[168, 191, 170, 151, 17, 138, 32, 86, 108, 69, 191, 193, 98, 183, 12]
[168, 191, 163, 178, 102, 132, 134, 183, 155, 16]
[168, 191, 85, 122, 178, 134, 183, 155, 16]
[168, 191, 163, 178, 134, 191, 76, 134, 191, 170, 156, 58]
[168, 191, 95, 134, 42, 155, 15]
[168, 191, 95, 134, 42, 185, 15]
[168, 191, 95, 134, 42, 43, 15]
[168, 191, 95, 134, 42, 142, 15]
[168, 191, 152, 134, 42, 155, 15]
[168, 191, 152, 134, 42, 185, 15]
[168, 191, 152, 134, 42, 43, 15]
[168, 191, 152, 134, 42, 142, 15]
[168, 191, 167, 134, 191, 172, 32, 86, 108, 69, 191, 193, 98, 86, 105]
[168, 191, 167, 134, 191, 172, 32, 86, 108, 69, 191, 193, 98, 183, 12]
[168, 191, 167, 134, 191, 172, 32, 86, 108, 69, 191, 193, 98, 183, 12]
[168, 191, 166, 99, 167, 134, 191, 11]
[168, 124, 183, 142, 191, 100, 68, 92, 159, 134, 191, 31, 167, 134, 42, 174, 129]
[168, 191, 87, 134, 191, 113, 32, 86, 108, 69, 191, 193, 98, 86, 105]
[168, 191, 87, 134, 191, 113, 32, 86, 108, 69, 191, 193, 98, 183, 12]
[168, 191, 111, 82, 33, 177, 191, 72, 170, 182, 191, 192, 134, 191, 66, 104]
[168, 191, 111, 82, 33, 177, 191, 72, 170, 182, 191, 192, 134, 191, 66, 104]
[168, 191, 111, 29, 33, 177, 71, 182, 191, 192, 134, 30, 26]
[168, 191, 111, 29, 33, 177, 176, 182, 191, 192, 134, 30, 26]
[168, 191, 111, 29, 33, 177, 71, 182, 191, 192, 134, 147, 26]
[168, 191, 111, 29, 33, 177, 176, 182, 191, 192, 134, 147, 26]
[168, 191, 29, 134, 191, 72, 170, 154, 177, 191, 145, 134, 191, 66, 104]
[168, 183, 155, 29, 169, 183, 147, 109, 95, 61, 148, 59, 177, 96, 156, 8, 61, 5]
[168, 191, 155, 29, 115, 4, 74, 182, 29, 177, 191, 170, 156, 4, 59, 177, 183, 99, 91]
[168, 191, 74, 142, 177, 191, 113, 169, 41, 23, 177, 147, 26]
[168, 191, 74, 43, 177, 191, 113, 169, 41, 23, 177, 147, 26]
[168, 71, 97, 34, 19, 124, 69, 6, 17, 183, 45, 10, 19, 111, 18, 177, 183, 127, 134, 191, 155, 29, 83]
[168, 176, 97, 34, 19, 124, 69, 6, 17, 183, 45, 10, 19, 111, 18, 177, 183, 127, 134, 191, 185, 29, 83]
[168, 191, 57, 84, 134, 191, 55, 146, 69, 191, 170, 4, 60, 103, 69, 191, 170, 4, 95, 61, 60, 53, 69, 191, 170, 4, 8, 61, 119]
[168, 191, 57, 84, 134, 191, 55, 146, 69, 191, 170, 4, 60, 131, 69, 191, 170, 4, 95, 61, 60, 107, 69, 191, 170, 4, 8, 61, 119]
[168, 191, 162, 117, 134, 86, 128]
[168, 191, 120, 117, 134, 183, 155, 16]
[168, 191, 10, 19, 147, 180, 118, 134, 183, 155, 16]
[168, 191, 47, 134, 191, 172, 32, 86, 108, 69, 191, 193, 98, 86, 105]
[168, 191, 47, 134, 191, 172, 32, 86, 108, 69, 191, 193, 98, 183, 12]
[168, 191, 162, 153, 134, 86, 128]
[168, 191, 120, 153, 134, 183, 155, 16]
[27, 86, 7, 114, 182, 52, 177, 86, 81, 20, 7, 114, 182, 171]
[168, 191, 29, 134, 191, 142, 55, 32, 86, 108, 69, 191, 29, 98, 86, 105]
[27, 86, 7, 114, 182, 181, 177, 86, 81, 20, 7, 114, 182, 49]
[168, 191, 136, 134, 86, 90, 134, 191, 104]
[168, 191, 136, 134, 86, 90, 134, 191, 104]
